1 0 1
2 0 1
3 0 1
4 0 1
5 0 1
6 0.166 0.833
7 0.142 0.857
8 0.125 0.875
9 0.222 0.777
10 0.2 0.8
11 0.181 0.818
12 0.25 0.75
13 0.23 0.769
14 0.214 0.785
15 0.266 0.733
16 0.25 0.75
17 0.294 0.705
18 0.277 0.722
19 0.263 0.736
20 0.3 0.7
21 0.285 0.714
22 0.272 0.727
23 0.304 0.695
24 0.291 0.708
25 0.32 0.68
26 0.307 0.692
27 0.296 0.703
28 0.321 0.678
29 0.31 0.689
30 0.333 0.666
31 0.322 0.677
32 0.312 0.687
33 0.333 0.666
34 0.323 0.676
35 0.342 0.657
36 0.333 0.666
37 0.351 0.675
38 0.342 0.657
39 0.333 0.641
40 0.35 0.65
41 0.341 0.658
42 0.357 0.642
43 0.348 0.651
44 0.34 0.636
45 0.355 0.644
46 0.347 0.652
47 0.361 0.638
48 0.354 0.645
49 0.367 0.632
50 0.36 0.64
51 0.352 0.647
52 0.365 0.634
53 0.358 0.641
54 0.37 0.629
55 0.363 0.636
56 0.375 0.625
57 0.368 0.631
58 0.379 0.62
59 0.372 0.627
60 0.366 0.633
61 0.377 0.622
62 0.37 0.629
63 0.38 0.619
64 0.375 0.625
65 0.384 0.615
66 0.378 0.621
67 0.373 0.611
68 0.382 0.617
69 0.376 0.623
70 0.385 0.614
71 0.38 0.619
72 0.388 0.611
73 0.383 0.616
74 0.391 0.608
75 0.386 0.613
76 0.381 0.618
77 0.389 0.61
78 0.384 0.602
79 0.392 0.607
80 0.387 0.612
81 0.395 0.604
82 0.39 0.609
83 0.397 0.614
84 0.392 0.607
85 0.388 0.6
86 0.395 0.604
87 0.402 0.609
88 0.397 0.602
89 0.393 0.606
90 0.4 0.6
91 0.395 0.604
92 0.402 0.597
93 0.397 0.602
94 0.404 0.606
95 0.4 0.6
96 0.406 0.593
97 0.402 0.597
98 0.397 0.602
99 0.404 0.595
100 0.41 0.6
101 0.405 0.594
102 0.401 0.598
103 0.407 0.592
104 0.403 0.596
105 0.409 0.59
106 0.405 0.594
107 0.401 0.598
108 0.407 0.592
109 0.403 0.596
110 0.4 0.59
111 0.405 0.594
112 0.401 0.589
113 0.407 0.592
114 0.403 0.596
115 0.408 0.591
116 0.405 0.594
117 0.41 0.589
118 0.415 0.593
119 0.411 0.588
120 0.408 0.591
121 0.413 0.586
122 0.409 0.59
123 0.414 0.585
124 0.411 0.588
125 0.416 0.584
126 0.412 0.587
127 0.409 0.59
128 0.414 0.585
129 0.41 0.589
130 0.415 0.584
131 0.412 0.587
132 0.416 0.583
133 0.413 0.586
134 0.417 0.582
135 0.414 0.585
136 0.411 0.58
137 0.416 0.583
138 0.413 0.586
139 0.417 0.582
140 0.421 0.578
141 0.418 0.581
142 0.422 0.584
143 0.419 0.58
144 0.416 0.583
145 0.42 0.579
146 0.417 0.582
147 0.414 0.578
148 0.418 0.581
149 0.422 0.577
150 0.42 0.58
151 0.417 0.582
152 0.421 0.578
153 0.418 0.581
154 0.422 0.577
155 0.419 0.58
156 0.423 0.576
157 0.42 0.579
158 0.424 0.575
159 0.421 0.578
160 0.418 0.575
161 0.422 0.577
162 0.425 0.58
163 0.423 0.576
164 0.42 0.579
165 0.424 0.575
166 0.421 0.578
167 0.425 0.574
168 0.422 0.577
169 0.426 0.573
170 0.423 0.576
171 0.426 0.573
172 0.424 0.575
173 0.427 0.572
174 0.425 0.574
175 0.422 0.577
176 0.426 0.573
177 0.423 0.57
178 0.426 0.573
179 0.424 0.575
180 0.427 0.572
181 0.425 0.574
182 0.428 0.571
183 0.426 0.573
184 0.429 0.57
185 0.427 0.572
186 0.43 0.575
187 0.427 0.572
188 0.43 0.569
189 0.428 0.571
190 0.426 0.573
191 0.429 0.57
192 0.427 0.572
193 0.43 0.569
194 0.427 0.572
195 0.43 0.569
196 0.428 0.566
197 0.431 0.568
198 0.429 0.57
199 0.432 0.567
200 0.43 0.57
201 0.432 0.567
202 0.43 0.569
203 0.428 0.566
204 0.431 0.568
205 0.429 0.57
206 0.432 0.567
207 0.434 0.57
208 0.432 0.567
209 0.43 0.569
210 0.433 0.566
211 0.431 0.568
212 0.429 0.566
213 0.431 0.568
214 0.434 0.565
215 0.432 0.567
216 0.435 0.564
217 0.433 0.566
218 0.435 0.568
219 0.433 0.566
220 0.431 0.563
221 0.434 0.565
222 0.432 0.563
223 0.434 0.565
224 0.433 0.566
225 0.435 0.564
226 0.433 0.566
227 0.436 0.563
228 0.434 0.565
229 0.436 0.563
230 0.434 0.565
231 0.437 0.562
232 0.435 0.564
233 0.433 0.562
234 0.435 0.564
235 0.434 0.565
236 0.436 0.563
237 0.438 0.565
238 0.436 0.563
239 0.435 0.56
240 0.437 0.562
241 0.435 0.564
242 0.438 0.561
243 0.436 0.563
244 0.438 0.561
245 0.436 0.563
246 0.439 0.56
247 0.437 0.562
248 0.435 0.56
249 0.437 0.562
250 0.44 0.56
251 0.438 0.561
252 0.436 0.559
253 0.438 0.561
254 0.437 0.562
255 0.439 0.56
256 0.441 0.562
257 0.439 0.56
258 0.437 0.562
259 0.44 0.559
260 0.438 0.561
261 0.436 0.559
262 0.438 0.561
263 0.441 0.562
264 0.439 0.56
265 0.441 0.562
266 0.439 0.56
267 0.441 0.558
268 0.44 0.559
269 0.438 0.557
270 0.44 0.559
271 0.439 0.56
272 0.437 0.558
273 0.439 0.56
274 0.441 0.558
275 0.44 0.556
276 0.442 0.561
277 0.44 0.555
278 0.442 0.557
279 0.44 0.559
280 0.442 0.557
281 0.441 0.555
282 0.439 0.56
283 0.441 0.558
284 0.443 0.556
285 0.442 0.557
286 0.444 0.559
287 0.442 0.557
288 0.44 0.559
289 0.442 0.557
290 0.441 0.558
291 0.443 0.56
292 0.445 0.554
293 0.443 0.556
294 0.442 0.557
295 0.444 0.555
296 0.442 0.557
297 0.444 0.558
298 0.442 0.557
299 0.444 0.558
300 0.443 0.556
