1 0 1
2 0 1
3 0 1
4 0 0.75
5 0 0.8
6 0 0.666
7 0 0.714
8 0 0.625
9 0 0.666
10 0.1 0.6
11 0.09 0.636
12 0.083 0.583
13 0.076 0.615
14 0.142 0.571
15 0.133 0.6
16 0.125 0.562
17 0.117 0.529
18 0.111 0.555
19 0.157 0.578
20 0.15 0.55
21 0.142 0.523
22 0.136 0.545
23 0.173 0.521
24 0.166 0.541
25 0.16 0.52
26 0.153 0.5
27 0.148 0.518
28 0.178 0.5
29 0.172 0.517
30 0.166 0.5
31 0.161 0.516
32 0.187 0.5
33 0.181 0.515
34 0.176 0.5
35 0.171 0.485
36 0.194 0.5
37 0.189 0.486
38 0.184 0.5
39 0.179 0.487
40 0.2 0.475
41 0.195 0.487
42 0.19 0.476
43 0.186 0.465
44 0.204 0.477
45 0.2 0.466
46 0.195 0.478
47 0.212 0.468
48 0.208 0.479
49 0.204 0.469
50 0.2 0.46
51 0.215 0.47
52 0.211 0.461
53 0.207 0.452
54 0.203 0.462
55 0.218 0.454
56 0.214 0.464
57 0.21 0.456
58 0.206 0.465
59 0.22 0.457
60 0.216 0.45
61 0.213 0.459
62 0.225 0.451
63 0.222 0.444
64 0.218 0.453
65 0.215 0.446
66 0.227 0.454
67 0.223 0.447
68 0.22 0.441
69 0.217 0.449
70 0.228 0.442
71 0.225 0.45
72 0.222 0.444
73 0.232 0.438
74 0.229 0.432
75 0.226 0.44
76 0.223 0.434
77 0.233 0.441
78 0.23 0.435
79 0.227 0.443
80 0.225 0.437
81 0.234 0.432
82 0.231 0.439
83 0.228 0.433
84 0.238 0.44
85 0.235 0.435
86 0.232 0.43
87 0.241 0.436
88 0.238 0.431
89 0.235 0.438
90 0.233 0.433
91 0.241 0.428
92 0.239 0.434
93 0.236 0.43
94 0.244 0.425
95 0.242 0.431
96 0.239 0.427
97 0.237 0.432
98 0.244 0.428
99 0.242 0.424
100 0.24 0.43
101 0.237 0.425
102 0.245 0.431
103 0.242 0.427
104 0.24 0.423
105 0.247 0.428
106 0.245 0.424
107 0.242 0.42
108 0.25 0.425
109 0.247 0.422
110 0.245 0.427
111 0.252 0.423
112 0.25 0.419
113 0.247 0.424
114 0.245 0.421
115 0.252 0.417
116 0.25 0.422
117 0.247 0.418
118 0.254 0.415
119 0.252 0.42
120 0.25 0.416
121 0.256 0.413
122 0.245 0.418
123 0.252 0.422
124 0.258 0.419
125 0.256 0.416
126 0.253 0.412
127 0.251 0.417
128 0.25 0.414
129 0.255 0.41
130 0.253 0.415
131 0.251 0.412
132 0.257 0.416
133 0.255 0.413
134 0.253 0.417
135 0.251 0.414
136 0.257 0.411
137 0.255 0.416
138 0.253 0.413
139 0.258 0.41
140 0.257 0.414
141 0.255 0.411
142 0.26 0.408
143 0.258 0.412
144 0.256 0.409
145 0.255 0.413
146 0.26 0.41
147 0.258 0.414
148 0.256 0.412
149 0.255 0.409
150 0.26 0.406
151 0.258 0.41
152 0.263 0.407
153 0.261 0.411
154 0.259 0.409
155 0.258 0.406
156 0.262 0.41
157 0.261 0.407
158 0.259 0.405
159 0.257 0.402
160 0.262 0.406
161 0.26 0.409
162 0.259 0.407
163 0.263 0.404
164 0.262 0.408
165 0.26 0.406
166 0.259 0.403
167 0.263 0.401
168 0.261 0.404
169 0.26 0.408
170 0.264 0.405
171 0.263 0.403
172 0.261 0.406
173 0.26 0.404
174 0.264 0.402
175 0.262 0.405
176 0.261 0.403
177 0.265 0.406
178 0.264 0.404
179 0.262 0.402
180 0.266 0.405
181 0.265 0.403
182 0.263 0.401
183 0.267 0.398
184 0.266 0.402
185 0.264 0.405
186 0.263 0.403
187 0.267 0.401
188 0.265 0.398
189 0.264 0.402
190 0.268 0.4
191 0.267 0.403
192 0.265 0.401
193 0.269 0.398
194 0.268 0.402
195 0.266 0.4
196 0.27 0.397
197 0.269 0.401
198 0.267 0.398
199 0.266 0.402
200 0.27 0.4
201 0.268 0.398
202 0.267 0.4
203 0.27 0.399
204 0.269 0.397
205 0.268 0.4
206 0.271 0.398
207 0.27 0.4
208 0.269 0.399
209 0.272 0.397
210 0.271 0.4
211 0.27 0.398
212 0.268 0.396
213 0.272 0.399
214 0.271 0.397
215 0.269 0.395
216 0.273 0.398
217 0.271 0.396
218 0.27 0.394
219 0.273 0.397
220 0.272 0.395
221 0.271 0.393
222 0.27 0.396
223 0.273 0.394
224 0.272 0.392
225 0.271 0.395
226 0.274 0.398
227 0.273 0.396
228 0.271 0.394
229 0.275 0.393
230 0.273 0.395
231 0.272 0.393
232 0.271 0.396
233 0.274 0.394
234 0.273 0.393
235 0.272 0.395
236 0.275 0.394
237 0.274 0.392
238 0.277 0.394
239 0.271 0.393
240 0.275 0.395
241 0.273 0.394
242 0.276 0.392
243 0.275 0.395
244 0.274 0.393
245 0.273 0.391
246 0.272 0.394
247 0.275 0.392
248 0.278 0.391
249 0.277 0.393
250 0.276 0.392
251 0.274 0.39
252 0.273 0.388
253 0.276 0.391
254 0.275 0.393
255 0.274 0.392
256 0.277 0.39
257 0.276 0.389
258 0.275 0.391
259 0.277 0.389
260 0.276 0.392
261 0.275 0.39
262 0.274 0.393
263 0.277 0.391
264 0.276 0.393
265 0.275 0.392
266 0.278 0.39
267 0.277 0.389
268 0.276 0.388
269 0.278 0.39
270 0.277 0.388
271 0.276 0.391
272 0.279 0.389
273 0.278 0.388
274 0.277 0.39
275 0.28 0.389
276 0.278 0.387
277 0.277 0.389
278 0.276 0.392
279 0.279 0.39
280 0.278 0.389
281 0.277 0.387
282 0.276 0.386
283 0.279 0.388
284 0.278 0.387
285 0.277 0.389
286 0.279 0.388
287 0.278 0.39
288 0.277 0.388
289 0.28 0.387
290 0.279 0.389
291 0.281 0.384
292 0.28 0.386
293 0.279 0.389
294 0.282 0.387
295 0.281 0.386
296 0.28 0.388
297 0.279 0.387
298 0.281 0.385
299 0.28 0.387
300 0.28 0.386
