1 0 1
2 0 1
3 0.333 1
4 0.5 1
5 0.4 1
6 0.5 1
7 0.571 1
8 0.5 1
9 0.555 1
10 0.6 1
11 0.636 1
12 0.583 1
13 0.615 1
14 0.642 1
15 0.6 1
16 0.625 1
17 0.647 1
18 0.666 1
19 0.631 1
20 0.65 0.95
21 0.666 0.952
22 0.681 0.954
23 0.652 0.956
24 0.666 0.958
25 0.68 0.96
26 0.692 0.961
27 0.666 0.962
28 0.678 0.964
29 0.689 0.965
30 0.7 0.966
31 0.677 0.935
32 0.687 0.937
33 0.696 0.939
34 0.705 0.941
35 0.714 0.942
36 0.694 0.944
37 0.702 0.945
38 0.71 0.947
39 0.717 0.948
40 0.7 0.95
41 0.707 0.926
42 0.714 0.928
43 0.72 0.93
44 0.727 0.931
45 0.711 0.933
46 0.717 0.934
47 0.723 0.936
48 0.729 0.937
49 0.714 0.938
50 0.72 0.92
51 0.725 0.921
52 0.73 0.923
53 0.716 0.924
54 0.722 0.925
55 0.727 0.927
56 0.732 0.928
57 0.736 0.929
58 0.724 0.931
59 0.728 0.915
60 0.733 0.916
61 0.737 0.918
62 0.741 0.919
63 0.746 0.92
64 0.734 0.921
65 0.738 0.923
66 0.742 0.924
67 0.746 0.91
68 0.735 0.911
69 0.739 0.913
70 0.742 0.914
71 0.746 0.915
72 0.75 0.916
73 0.739 0.917
74 0.743 0.918
75 0.746 0.92
76 0.75 0.907
77 0.74 0.909
78 0.743 0.91
79 0.746 0.911
80 0.75 0.912
81 0.753 0.913
82 0.743 0.914
83 0.746 0.903
84 0.75 0.904
85 0.752 0.905
86 0.755 0.906
87 0.747 0.908
88 0.75 0.909
89 0.752 0.91
90 0.755 0.911
91 0.758 0.901
92 0.75 0.902
93 0.752 0.903
94 0.755 0.904
95 0.757 0.905
96 0.76 0.906
97 0.762 0.907
98 0.755 0.908
99 0.757 0.898
100 0.76 0.9
101 0.762 0.9
102 0.754 0.901
103 0.757 0.902
104 0.759 0.903
105 0.761 0.904
106 0.754 0.905
107 0.766 0.897
108 0.759 0.898
109 0.761 0.899
110 0.763 0.9
111 0.765 0.9
112 0.758 0.901
113 0.761 0.902
114 0.763 0.894
115 0.765 0.895
116 0.767 0.896
117 0.76 0.897
118 0.762 0.898
119 0.764 0.899
120 0.766 0.9
121 0.768 0.9
122 0.762 0.893
123 0.764 0.894
124 0.766 0.895
125 0.768 0.896
126 0.761 0.896
127 0.763 0.897
128 0.765 0.898
129 0.767 0.899
130 0.769 0.892
131 0.763 0.893
132 0.765 0.893
133 0.766 0.894
134 0.768 0.895
135 0.77 0.896
136 0.772 0.889
137 0.766 0.89
138 0.768 0.891
139 0.769 0.892
140 0.771 0.892
141 0.773 0.893
142 0.767 0.887
143 0.769 0.888
144 0.77 0.895
145 0.772 0.889
146 0.773 0.89
147 0.768 0.891
148 0.77 0.891
149 0.771 0.892
150 0.773 0.893
151 0.774 0.887
152 0.769 0.888
153 0.771 0.888
154 0.772 0.889
155 0.774 0.89
156 0.775 0.891
157 0.77 0.891
158 0.772 0.886
159 0.773 0.886
160 0.775 0.887
161 0.776 0.888
162 0.771 0.888
163 0.773 0.889
164 0.774 0.89
165 0.775 0.89
166 0.771 0.891
167 0.772 0.886
168 0.773 0.886
169 0.775 0.887
170 0.776 0.888
171 0.777 0.888
172 0.773 0.883
173 0.774 0.89
174 0.775 0.885
175 0.777 0.885
176 0.772 0.886
177 0.774 0.887
178 0.775 0.887
179 0.776 0.888
180 0.777 0.883
181 0.779 0.883
182 0.774 0.884
183 0.775 0.885
184 0.777 0.885
185 0.778 0.886
186 0.779 0.887
187 0.78 0.882
188 0.776 0.882
189 0.777 0.883
190 0.778 0.884
191 0.78 0.884
192 0.781 0.885
193 0.777 0.886
194 0.778 0.881
195 0.779 0.882
196 0.78 0.882
197 0.776 0.883
198 0.777 0.883
199 0.778 0.884
200 0.78 0.885
201 0.781 0.885
202 0.782 0.881
203 0.783 0.886
204 0.779 0.882
205 0.78 0.882
206 0.781 0.883
207 0.782 0.884
208 0.778 0.884
209 0.779 0.88
210 0.78 0.88
211 0.781 0.881
212 0.783 0.882
213 0.784 0.882
214 0.78 0.883
215 0.781 0.883
216 0.782 0.879
217 0.783 0.88
218 0.784 0.88
219 0.78 0.881
220 0.781 0.881
221 0.782 0.882
222 0.783 0.878
223 0.78 0.878
224 0.785 0.879
225 0.782 0.88
226 0.783 0.88
227 0.784 0.881
228 0.785 0.881
229 0.781 0.882
230 0.782 0.878
231 0.783 0.878
232 0.784 0.879
233 0.785 0.879
234 0.782 0.88
235 0.787 0.88
236 0.783 0.877
237 0.784 0.877
238 0.785 0.878
239 0.786 0.878
240 0.783 0.879
241 0.784 0.879
242 0.785 0.88
243 0.786 0.876
244 0.786 0.881
245 0.787 0.877
246 0.784 0.878
247 0.785 0.878
248 0.786 0.879
249 0.783 0.879
250 0.784 0.88
251 0.784 0.876
252 0.789 0.876
253 0.786 0.877
254 0.787 0.877
255 0.788 0.878
256 0.789 0.875
257 0.785 0.879
258 0.786 0.879
259 0.787 0.876
260 0.788 0.876
261 0.789 0.877
262 0.786 0.877
263 0.787 0.878
264 0.787 0.878
265 0.788 0.875
266 0.789 0.875
267 0.786 0.876
268 0.787 0.876
269 0.788 0.877
270 0.788 0.877
271 0.785 0.874
272 0.786 0.875
273 0.787 0.875
274 0.788 0.875
275 0.789 0.876
276 0.789 0.876
277 0.787 0.873
278 0.787 0.877
279 0.788 0.874
280 0.789 0.875
281 0.79 0.875
282 0.787 0.875
283 0.787 0.876
284 0.788 0.876
285 0.789 0.873
286 0.786 0.874
287 0.79 0.874
288 0.788 0.875
289 0.788 0.875
290 0.789 0.872
291 0.79 0.876
292 0.787 0.873
293 0.788 0.873
294 0.789 0.874
295 0.789 0.874
296 0.79 0.875
297 0.791 0.875
298 0.791 0.875
299 0.789 0.872
300 0.79 0.873
