1 0 1
2 0 1
3 0 0.666
4 0 0.75
5 0 0.6
6 0 0.666
7 0 0.571
8 0 0.625
9 0 0.555
10 0 0.5
11 0 0.545
12 0 0.5
13 0 0.538
14 0.071 0.5
15 0.066 0.466
16 0.062 0.5
17 0.058 0.47
18 0.055 0.444
19 0.052 0.473
20 0.1 0.45
21 0.095 0.428
22 0.09 0.454
23 0.086 0.434
24 0.083 0.416
25 0.08 0.44
26 0.115 0.423
27 0.111 0.407
28 0.107 0.428
29 0.103 0.413
30 0.1 0.4
31 0.096 0.419
32 0.093 0.406
33 0.121 0.393
34 0.117 0.411
35 0.114 0.4
36 0.111 0.388
37 0.108 0.405
38 0.105 0.394
39 0.128 0.384
40 0.125 0.4
41 0.121 0.39
42 0.119 0.38
43 0.116 0.372
44 0.136 0.386
45 0.133 0.377
46 0.13 0.369
47 0.127 0.382
48 0.125 0.375
49 0.142 0.367
50 0.14 0.38
51 0.137 0.372
52 0.134 0.365
53 0.132 0.377
54 0.148 0.37
55 0.145 0.363
56 0.142 0.357
57 0.14 0.368
58 0.137 0.362
59 0.135 0.355
60 0.15 0.366
61 0.147 0.36
62 0.145 0.354
63 0.142 0.365
64 0.14 0.359
65 0.153 0.353
66 0.151 0.363
67 0.149 0.358
68 0.147 0.352
69 0.159 0.347
70 0.157 0.357
71 0.154 0.352
72 0.152 0.347
73 0.15 0.342
74 0.162 0.351
75 0.16 0.346
76 0.157 0.355
77 0.155 0.35
78 0.153 0.346
79 0.164 0.341
80 0.162 0.35
81 0.16 0.345
82 0.158 0.341
83 0.156 0.349
84 0.166 0.345
85 0.164 0.341
86 0.162 0.348
87 0.16 0.344
88 0.159 0.34
89 0.157 0.337
90 0.166 0.344
91 0.164 0.34
92 0.163 0.336
93 0.161 0.333
94 0.159 0.34
95 0.168 0.336
96 0.166 0.333
97 0.164 0.34
98 0.163 0.336
99 0.171 0.333
100 0.17 0.34
101 0.168 0.336
102 0.166 0.333
103 0.165 0.33
104 0.173 0.336
105 0.171 0.333
106 0.169 0.33
107 0.168 0.336
108 0.166 0.333
109 0.174 0.33
110 0.172 0.336
111 0.171 0.333
112 0.169 0.33
113 0.168 0.327
114 0.175 0.333
115 0.173 0.33
116 0.172 0.327
117 0.17 0.333
118 0.169 0.33
119 0.176 0.327
120 0.175 0.333
121 0.173 0.33
122 0.172 0.327
123 0.178 0.325
124 0.177 0.33
125 0.176 0.328
126 0.174 0.325
127 0.181 0.322
128 0.179 0.328
129 0.178 0.325
130 0.176 0.323
131 0.175 0.328
132 0.181 0.325
133 0.18 0.323
134 0.179 0.328
135 0.177 0.325
136 0.176 0.323
137 0.182 0.328
138 0.181 0.326
139 0.179 0.323
140 0.178 0.321
141 0.177 0.326
142 0.183 0.323
143 0.181 0.321
144 0.18 0.319
145 0.179 0.324
146 0.184 0.321
147 0.183 0.319
148 0.182 0.324
149 0.181 0.322
150 0.18 0.32
151 0.185 0.324
152 0.184 0.315
153 0.183 0.32
154 0.181 0.318
155 0.187 0.322
156 0.185 0.314
157 0.184 0.318
158 0.183 0.316
159 0.182 0.32
160 0.187 0.318
161 0.186 0.316
162 0.185 0.32
163 0.184 0.319
164 0.182 0.317
165 0.187 0.321
166 0.186 0.319
167 0.185 0.317
168 0.184 0.315
169 0.183 0.313
170 0.188 0.317
171 0.187 0.315
172 0.186 0.313
173 0.184 0.312
174 0.183 0.316
175 0.188 0.314
176 0.187 0.318
177 0.186 0.316
178 0.191 0.314
179 0.184 0.312
180 0.188 0.316
181 0.187 0.314
182 0.186 0.313
183 0.185 0.316
184 0.19 0.315
185 0.189 0.313
186 0.188 0.311
187 0.187 0.315
188 0.191 0.313
189 0.19 0.312
190 0.189 0.31
191 0.188 0.314
192 0.192 0.312
193 0.191 0.31
194 0.19 0.314
195 0.189 0.312
196 0.188 0.311
197 0.187 0.309
198 0.191 0.313
199 0.19 0.311
200 0.19 0.31
201 0.189 0.308
202 0.193 0.311
203 0.192 0.31
204 0.191 0.308
205 0.19 0.312
206 0.194 0.31
207 0.193 0.309
208 0.192 0.312
209 0.191 0.311
210 0.195 0.309
211 0.194 0.308
212 0.193 0.306
213 0.192 0.309
214 0.191 0.308
215 0.195 0.306
216 0.194 0.31
217 0.193 0.308
218 0.192 0.307
219 0.191 0.31
220 0.195 0.309
221 0.194 0.307
222 0.193 0.306
223 0.192 0.309
224 0.196 0.308
225 0.195 0.306
226 0.194 0.305
227 0.193 0.308
228 0.197 0.307
229 0.196 0.305
230 0.195 0.308
231 0.194 0.307
232 0.198 0.306
233 0.197 0.304
234 0.196 0.307
235 0.195 0.306
236 0.194 0.305
237 0.198 0.303
238 0.193 0.306
239 0.196 0.305
240 0.195 0.304
241 0.195 0.302
242 0.198 0.305
243 0.197 0.304
244 0.196 0.307
245 0.195 0.306
246 0.199 0.304
247 0.194 0.303
248 0.197 0.306
249 0.196 0.305
250 0.196 0.304
251 0.199 0.302
252 0.198 0.305
253 0.197 0.304
254 0.196 0.303
255 0.2 0.305
256 0.199 0.304
257 0.198 0.303
258 0.197 0.302
259 0.196 0.305
260 0.2 0.303
261 0.199 0.306
262 0.198 0.301
263 0.197 0.304
264 0.2 0.303
265 0.2 0.301
266 0.199 0.304
267 0.198 0.303
268 0.197 0.302
269 0.2 0.301
270 0.2 0.303
271 0.199 0.302
272 0.198 0.301
273 0.201 0.304
274 0.197 0.302
275 0.2 0.301
276 0.199 0.3
277 0.202 0.299
278 0.197 0.302
279 0.2 0.301
280 0.2 0.3
281 0.199 0.298
282 0.202 0.301
283 0.201 0.3
284 0.2 0.299
285 0.2 0.301
286 0.202 0.3
287 0.202 0.299
288 0.201 0.298
289 0.2 0.301
290 0.203 0.3
291 0.199 0.298
292 0.202 0.297
293 0.201 0.3
294 0.2 0.299
295 0.2 0.301
296 0.202 0.297
297 0.202 0.299
298 0.201 0.298
299 0.2 0.297
300 0.203 0.3
