1 0 1
2 0 1
3 0.333 1
4 0.25 1
5 0.4 1
6 0.333 1
7 0.428 1
8 0.375 1
9 0.444 1
10 0.5 1
11 0.454 1
12 0.5 1
13 0.538 0.923
14 0.5 0.928
15 0.533 0.933
16 0.5 0.937
17 0.529 0.941
18 0.555 0.944
19 0.526 0.947
20 0.55 0.95
21 0.571 0.904
22 0.545 0.909
23 0.565 0.913
24 0.583 0.916
25 0.56 0.92
26 0.576 0.884
27 0.592 0.888
28 0.571 0.892
29 0.586 0.896
30 0.6 0.9
31 0.58 0.903
32 0.593 0.875
33 0.606 0.878
34 0.588 0.882
35 0.6 0.885
36 0.611 0.888
37 0.594 0.891
38 0.605 0.868
39 0.615 0.871
40 0.625 0.875
41 0.609 0.878
42 0.619 0.88
43 0.627 0.883
44 0.613 0.863
45 0.622 0.866
46 0.63 0.869
47 0.617 0.872
48 0.625 0.875
49 0.632 0.857
50 0.62 0.86
51 0.627 0.862
52 0.634 0.865
53 0.622 0.867
54 0.629 0.851
55 0.636 0.854
56 0.642 0.857
57 0.631 0.859
58 0.637 0.862
59 0.644 0.864
60 0.633 0.85
61 0.639 0.852
62 0.629 0.854
63 0.634 0.857
64 0.64 0.859
65 0.646 0.846
66 0.651 0.848
67 0.641 0.85
68 0.647 0.852
69 0.637 0.855
70 0.642 0.842
71 0.647 0.845
72 0.652 0.847
73 0.643 0.849
74 0.648 0.851
75 0.653 0.84
76 0.657 0.842
77 0.649 0.844
78 0.653 0.846
79 0.645 0.848
80 0.65 0.837
81 0.654 0.839
82 0.658 0.841
83 0.65 0.843
84 0.654 0.845
85 0.658 0.835
86 0.651 0.837
87 0.655 0.839
88 0.659 0.84
89 0.651 0.831
90 0.655 0.833
91 0.659 0.835
92 0.663 0.836
93 0.655 0.838
94 0.659 0.829
95 0.663 0.831
96 0.656 0.833
97 0.659 0.835
98 0.663 0.836
99 0.666 0.838
100 0.66 0.83
101 0.663 0.831
102 0.666 0.833
103 0.66 0.825
104 0.663 0.826
105 0.666 0.828
106 0.669 0.83
107 0.663 0.831
108 0.666 0.833
109 0.669 0.825
110 0.663 0.827
111 0.666 0.828
112 0.669 0.83
113 0.672 0.823
114 0.666 0.824
115 0.669 0.826
116 0.672 0.827
117 0.675 0.829
118 0.669 0.822
119 0.672 0.823
120 0.675 0.825
121 0.669 0.826
122 0.672 0.827
123 0.674 0.821
124 0.677 0.822
125 0.672 0.824
126 0.674 0.825
127 0.669 0.826
128 0.671 0.82
129 0.674 0.821
130 0.676 0.823
131 0.679 0.824
132 0.674 0.818
133 0.676 0.819
134 0.679 0.82
135 0.674 0.822
136 0.676 0.823
137 0.678 0.817
138 0.673 0.818
139 0.676 0.82
140 0.678 0.821
141 0.68 0.822
142 0.676 0.816
143 0.678 0.818
144 0.68 0.819
145 0.675 0.82
146 0.678 0.821
147 0.68 0.816
148 0.682 0.817
149 0.677 0.818
150 0.68 0.82
151 0.682 0.821
152 0.677 0.815
153 0.679 0.816
154 0.681 0.818
155 0.683 0.819
156 0.679 0.814
157 0.681 0.815
158 0.683 0.816
159 0.679 0.817
160 0.681 0.812
161 0.683 0.813
162 0.679 0.814
163 0.68 0.815
164 0.682 0.81
165 0.684 0.812
166 0.68 0.813
167 0.682 0.814
168 0.684 0.815
169 0.68 0.816
170 0.682 0.811
171 0.684 0.812
172 0.686 0.813
173 0.682 0.815
174 0.683 0.81
175 0.685 0.811
176 0.681 0.812
177 0.683 0.813
178 0.685 0.814
179 0.681 0.81
180 0.683 0.811
181 0.685 0.812
182 0.686 0.813
183 0.683 0.814
184 0.684 0.809
185 0.686 0.81
186 0.688 0.811
187 0.689 0.812
188 0.686 0.813
189 0.687 0.809
190 0.684 0.81
191 0.685 0.811
192 0.687 0.807
193 0.689 0.808
194 0.685 0.809
195 0.687 0.81
196 0.688 0.811
197 0.69 0.807
198 0.686 0.808
199 0.688 0.809
200 0.69 0.81
201 0.686 0.805
202 0.688 0.806
203 0.689 0.807
204 0.691 0.808
205 0.692 0.809
206 0.689 0.81
207 0.69 0.806
208 0.692 0.807
209 0.688 0.808
210 0.69 0.809
211 0.691 0.805
212 0.693 0.806
213 0.69 0.807
214 0.691 0.808
215 0.693 0.809
216 0.694 0.805
217 0.691 0.806
218 0.692 0.807
219 0.689 0.808
220 0.69 0.804
221 0.692 0.805
222 0.689 0.806
223 0.69 0.802
224 0.691 0.803
225 0.693 0.804
226 0.69 0.805
227 0.691 0.806
228 0.692 0.807
229 0.694 0.803
230 0.691 0.804
231 0.692 0.805
232 0.693 0.801
233 0.695 0.802
234 0.692 0.803
235 0.693 0.804
236 0.694 0.805
237 0.696 0.801
238 0.693 0.802
239 0.694 0.803
240 0.695 0.804
241 0.692 0.804
242 0.694 0.801
243 0.695 0.802
244 0.696 0.803
245 0.693 0.804
246 0.695 0.804
247 0.696 0.801
248 0.693 0.802
249 0.694 0.803
250 0.696 0.804
251 0.697 0.8
252 0.694 0.801
253 0.695 0.802
254 0.692 0.799
255 0.694 0.8
256 0.695 0.804
257 0.696 0.801
258 0.697 0.802
259 0.698 0.803
260 0.696 0.8
261 0.697 0.804
262 0.694 0.801
263 0.695 0.802
264 0.696 0.803
265 0.698 0.8
266 0.695 0.8
267 0.696 0.797
268 0.697 0.802
269 0.695 0.799
270 0.7 0.8
271 0.697 0.8
272 0.698 0.801
273 0.695 0.798
274 0.697 0.799
275 0.698 0.8
276 0.695 0.8
277 0.696 0.801
278 0.697 0.798
279 0.698 0.799
280 0.7 0.8
281 0.697 0.8
282 0.698 0.801
283 0.699 0.802
284 0.7 0.799
285 0.698 0.8
286 0.699 0.8
287 0.7 0.797
288 0.697 0.798
289 0.698 0.799
290 0.7 0.8
291 0.701 0.797
292 0.698 0.797
293 0.699 0.798
294 0.7 0.799
295 0.698 0.8
296 0.699 0.8
297 0.7 0.797
298 0.701 0.798
299 0.698 0.795
300 0.696 0.8
