1 0 1
2 0 1
3 0 0.666
4 0 0.5
5 0 0.6
6 0 0.5
7 0 0.428
8 0 0.5
9 0 0.444
10 0 0.4
11 0 0.363
12 0 0.416
13 0 0.384
14 0 0.357
15 0 0.4
16 0 0.375
17 0 0.352
18 0 0.333
19 0 0.315
20 0 0.35
21 0.047 0.333
22 0.045 0.318
23 0.043 0.347
24 0.041 0.333
25 0.04 0.32
26 0.038 0.307
27 0.037 0.333
28 0.035 0.321
29 0.034 0.31
30 0.033 0.3
31 0.032 0.29
32 0.062 0.312
33 0.06 0.303
34 0.058 0.294
35 0.057 0.285
36 0.055 0.305
37 0.054 0.297
38 0.052 0.289
39 0.051 0.282
40 0.05 0.3
41 0.048 0.292
42 0.071 0.285
43 0.069 0.279
44 0.068 0.295
45 0.066 0.288
46 0.065 0.282
47 0.063 0.276
48 0.062 0.27
49 0.061 0.265
50 0.08 0.28
51 0.078 0.274
52 0.076 0.269
53 0.075 0.264
54 0.074 0.277
55 0.072 0.272
56 0.071 0.267
57 0.07 0.263
58 0.068 0.258
59 0.084 0.271
60 0.083 0.266
61 0.081 0.262
62 0.08 0.258
63 0.079 0.269
64 0.078 0.265
65 0.076 0.261
66 0.075 0.257
67 0.089 0.253
68 0.088 0.264
69 0.086 0.26
70 0.085 0.257
71 0.084 0.253
72 0.083 0.25
73 0.082 0.26
74 0.081 0.256
75 0.093 0.253
76 0.092 0.25
77 0.09 0.259
78 0.089 0.256
79 0.088 0.253
80 0.087 0.25
81 0.086 0.259
82 0.085 0.256
83 0.096 0.253
84 0.095 0.25
85 0.094 0.247
86 0.093 0.244
87 0.091 0.252
88 0.09 0.25
89 0.089 0.247
90 0.088 0.244
91 0.098 0.241
92 0.097 0.25
93 0.096 0.247
94 0.095 0.244
95 0.094 0.242
96 0.093 0.239
97 0.092 0.247
98 0.102 0.244
99 0.101 0.242
100 0.1 0.24
101 0.099 0.237
102 0.098 0.245
103 0.097 0.242
104 0.096 0.24
105 0.095 0.238
106 0.094 0.245
107 0.102 0.242
108 0.101 0.24
109 0.1 0.238
110 0.1 0.236
111 0.099 0.243
112 0.098 0.241
113 0.097 0.238
114 0.105 0.236
115 0.104 0.234
116 0.103 0.232
117 0.102 0.239
118 0.101 0.237
119 0.1 0.235
120 0.1 0.241
121 0.107 0.231
122 0.106 0.237
123 0.105 0.235
124 0.104 0.233
125 0.104 0.232
126 0.103 0.23
127 0.11 0.236
128 0.101 0.234
129 0.108 0.232
130 0.107 0.23
131 0.106 0.236
132 0.106 0.234
133 0.105 0.233
134 0.104 0.231
135 0.103 0.229
136 0.11 0.227
137 0.109 0.226
138 0.108 0.231
139 0.107 0.23
140 0.107 0.228
141 0.106 0.234
142 0.105 0.232
143 0.104 0.23
144 0.111 0.229
145 0.11 0.227
146 0.109 0.232
147 0.108 0.231
148 0.108 0.229
149 0.107 0.228
150 0.106 0.226
151 0.112 0.231
152 0.111 0.223
153 0.111 0.228
154 0.11 0.227
155 0.109 0.225
156 0.108 0.224
157 0.108 0.229
158 0.107 0.227
159 0.113 0.226
160 0.112 0.225
161 0.111 0.223
162 0.111 0.228
163 0.11 0.226
164 0.109 0.225
165 0.109 0.224
166 0.114 0.228
167 0.113 0.227
168 0.113 0.226
169 0.112 0.224
170 0.111 0.223
171 0.111 0.228
172 0.116 0.226
173 0.115 0.225
174 0.114 0.224
175 0.114 0.222
176 0.113 0.221
177 0.112 0.225
178 0.112 0.224
179 0.117 0.223
180 0.111 0.222
181 0.116 0.22
182 0.115 0.219
183 0.114 0.224
184 0.114 0.222
185 0.113 0.221
186 0.112 0.22
187 0.117 0.219
188 0.117 0.223
189 0.116 0.222
190 0.115 0.221
191 0.115 0.219
192 0.114 0.223
193 0.113 0.222
194 0.113 0.221
195 0.117 0.22
196 0.117 0.219
197 0.116 0.218
198 0.116 0.222
199 0.115 0.221
200 0.115 0.22
201 0.114 0.218
202 0.118 0.217
203 0.118 0.216
204 0.117 0.22
205 0.117 0.219
206 0.116 0.218
207 0.115 0.217
208 0.115 0.221
209 0.119 0.22
210 0.119 0.219
211 0.118 0.218
212 0.117 0.216
213 0.117 0.22
214 0.116 0.214
215 0.116 0.218
216 0.115 0.217
217 0.119 0.216
218 0.119 0.215
219 0.118 0.219
220 0.118 0.218
221 0.117 0.217
222 0.117 0.216
223 0.121 0.215
224 0.12 0.218
225 0.12 0.217
226 0.119 0.216
227 0.118 0.215
228 0.118 0.214
229 0.117 0.213
230 0.121 0.217
231 0.121 0.216
232 0.12 0.215
233 0.12 0.214
234 0.119 0.217
235 0.119 0.217
236 0.122 0.216
237 0.122 0.215
238 0.121 0.214
239 0.121 0.213
240 0.12 0.216
241 0.12 0.215
242 0.123 0.214
243 0.123 0.213
244 0.122 0.213
245 0.122 0.212
246 0.121 0.215
247 0.121 0.214
248 0.12 0.213
249 0.12 0.212
250 0.12 0.216
251 0.123 0.215
252 0.123 0.214
253 0.122 0.213
254 0.122 0.212
255 0.121 0.211
256 0.121 0.214
257 0.124 0.214
258 0.124 0.213
259 0.123 0.212
260 0.123 0.215
261 0.122 0.214
262 0.122 0.213
263 0.121 0.212
264 0.125 0.212
265 0.124 0.211
266 0.124 0.21
267 0.123 0.213
268 0.123 0.212
269 0.122 0.211
270 0.122 0.211
271 0.121 0.21
272 0.121 0.209
273 0.124 0.212
274 0.124 0.211
275 0.123 0.21
276 0.123 0.21
277 0.126 0.212
278 0.122 0.212
279 0.125 0.211
280 0.125 0.21
281 0.124 0.209
282 0.124 0.212
283 0.123 0.212
284 0.123 0.211
285 0.122 0.21
286 0.125 0.209
287 0.125 0.209
288 0.125 0.208
289 0.124 0.211
290 0.124 0.21
291 0.123 0.209
292 0.123 0.208
293 0.126 0.211
294 0.125 0.21
295 0.125 0.21
296 0.125 0.209
297 0.124 0.208
298 0.124 0.211
299 0.127 0.21
300 0.126 0.21
