1 0 1
2 0 1
3 0 1
4 0.25 1
5 0.2 1
6 0.333 1
7 0.285 1
8 0.375 1
9 0.333 1
10 0.4 0.9
11 0.363 0.909
12 0.416 0.916
13 0.384 0.923
14 0.428 0.928
15 0.4 0.866
16 0.437 0.875
17 0.411 0.882
18 0.444 0.888
19 0.473 0.842
20 0.45 0.85
21 0.476 0.857
22 0.454 0.863
23 0.478 0.869
24 0.458 0.833
25 0.48 0.84
26 0.5 0.846
27 0.481 0.851
28 0.5 0.821
29 0.482 0.827
30 0.5 0.833
31 0.483 0.838
32 0.5 0.812
33 0.515 0.818
34 0.5 0.823
35 0.514 0.828
36 0.5 0.805
37 0.513 0.81
38 0.526 0.815
39 0.512 0.82
40 0.525 0.8
41 0.512 0.804
42 0.523 0.809
43 0.534 0.79
44 0.522 0.795
45 0.533 0.8
46 0.521 0.804
47 0.531 0.787
48 0.52 0.791
49 0.53 0.795
50 0.54 0.8
51 0.549 0.784
52 0.538 0.788
53 0.528 0.792
54 0.537 0.796
55 0.545 0.781
56 0.535 0.785
57 0.543 0.789
58 0.534 0.775
59 0.542 0.779
60 0.55 0.783
61 0.54 0.786
62 0.548 0.774
63 0.555 0.777
64 0.546 0.781
65 0.553 0.784
66 0.545 0.772
67 0.552 0.776
68 0.558 0.779
69 0.55 0.782
70 0.557 0.771
71 0.549 0.774
72 0.555 0.777
73 0.547 0.767
74 0.554 0.77
75 0.56 0.773
76 0.552 0.776
77 0.558 0.766
78 0.564 0.769
79 0.556 0.772
80 0.562 0.762
81 0.555 0.765
82 0.56 0.768
83 0.566 0.771
84 0.559 0.773
85 0.564 0.764
86 0.569 0.767
87 0.563 0.77
88 0.568 0.761
89 0.573 0.764
90 0.566 0.755
91 0.571 0.758
92 0.565 0.76
93 0.569 0.763
94 0.563 0.755
95 0.568 0.757
96 0.572 0.76
97 0.567 0.752
98 0.571 0.755
99 0.575 0.757
100 0.58 0.76
101 0.574 0.752
102 0.578 0.754
103 0.572 0.757
104 0.576 0.75
105 0.571 0.752
106 0.575 0.754
107 0.579 0.757
108 0.574 0.75
109 0.577 0.752
110 0.581 0.754
111 0.576 0.747
112 0.58 0.75
113 0.575 0.752
114 0.578 0.754
115 0.573 0.747
116 0.577 0.75
117 0.581 0.752
118 0.576 0.754
119 0.579 0.747
120 0.583 0.75
121 0.578 0.752
122 0.581 0.745
123 0.585 0.747
124 0.58 0.75
125 0.584 0.752
126 0.587 0.746
127 0.582 0.748
128 0.585 0.75
129 0.581 0.744
130 0.584 0.746
131 0.58 0.74
132 0.583 0.75
133 0.586 0.744
134 0.589 0.746
135 0.585 0.748
136 0.588 0.742
137 0.583 0.744
138 0.586 0.746
139 0.589 0.741
140 0.585 0.742
141 0.588 0.744
142 0.591 0.746
143 0.587 0.741
144 0.59 0.743
145 0.586 0.744
146 0.589 0.739
147 0.591 0.741
148 0.587 0.743
149 0.59 0.738
150 0.593 0.74
151 0.589 0.741
152 0.592 0.743
153 0.594 0.738
154 0.59 0.74
155 0.593 0.741
156 0.589 0.737
157 0.592 0.738
158 0.588 0.74
159 0.591 0.742
160 0.593 0.737
161 0.59 0.739
162 0.592 0.74
163 0.595 0.736
164 0.591 0.737
165 0.593 0.739
166 0.596 0.734
167 0.592 0.736
168 0.595 0.738
169 0.591 0.733
170 0.594 0.735
171 0.596 0.736
172 0.593 0.732
173 0.595 0.734
174 0.597 0.735
175 0.594 0.737
176 0.596 0.732
177 0.598 0.734
178 0.595 0.735
179 0.597 0.731
180 0.594 0.733
181 0.596 0.734
182 0.598 0.736
183 0.601 0.732
184 0.597 0.733
185 0.6 0.729
186 0.596 0.731
187 0.598 0.732
188 0.595 0.734
189 0.597 0.73
190 0.6 0.731
191 0.602 0.732
192 0.598 0.734
193 0.601 0.735
194 0.597 0.731
195 0.6 0.733
196 0.602 0.729
197 0.598 0.73
198 0.601 0.732
199 0.597 0.733
200 0.6 0.73
201 0.601 0.731
202 0.603 0.727
203 0.6 0.729
204 0.602 0.73
205 0.6 0.731
206 0.601 0.728
207 0.603 0.729
208 0.6 0.73
209 0.602 0.732
210 0.6 0.728
211 0.601 0.729
212 0.603 0.726
213 0.6 0.727
214 0.602 0.728
215 0.6 0.73
216 0.601 0.731
217 0.603 0.728
218 0.605 0.729
219 0.602 0.73
220 0.604 0.727
221 0.606 0.728
222 0.603 0.725
223 0.605 0.726
224 0.602 0.727
225 0.604 0.728
226 0.606 0.725
227 0.603 0.726
228 0.605 0.728
229 0.606 0.729
230 0.604 0.726
231 0.606 0.727
232 0.607 0.728
233 0.605 0.725
234 0.606 0.726
235 0.608 0.727
236 0.605 0.724
237 0.607 0.725
238 0.605 0.726
239 0.606 0.723
240 0.608 0.725
241 0.605 0.726
242 0.607 0.727
243 0.604 0.724
244 0.606 0.725
245 0.608 0.726
246 0.605 0.723
247 0.607 0.724
248 0.608 0.725
249 0.606 0.722
250 0.608 0.724
251 0.609 0.725
252 0.607 0.722
253 0.608 0.723
254 0.606 0.724
255 0.607 0.725
256 0.609 0.722
257 0.607 0.723
258 0.608 0.724
259 0.606 0.722
260 0.607 0.723
261 0.609 0.724
262 0.61 0.725
263 0.608 0.722
264 0.609 0.723
265 0.611 0.72
266 0.609 0.721
267 0.61 0.722
268 0.608 0.723
269 0.609 0.721
270 0.607 0.722
271 0.608 0.723
272 0.61 0.72
273 0.611 0.725
274 0.609 0.722
275 0.61 0.72
276 0.608 0.721
277 0.61 0.722
278 0.611 0.719
279 0.612 0.72
280 0.614 0.721
281 0.612 0.722
282 0.609 0.719
283 0.611 0.72
284 0.612 0.718
285 0.61 0.722
286 0.611 0.72
287 0.613 0.721
288 0.611 0.722
289 0.612 0.719
290 0.613 0.72
291 0.611 0.721
292 0.613 0.719
293 0.61 0.72
294 0.612 0.721
295 0.61 0.718
296 0.611 0.719
297 0.612 0.72
298 0.614 0.718
299 0.612 0.719
300 0.613 0.72
